0 0.0008749162754303598 0.0019085641711229946 0.0002235352112676057 0.0004845026737967915
0 0.000282481220657277 0.00121975 0.000564962441314554 0.001697441176470588
0 0.0007718419405320813 0.0012723475935828878 0.0006247292644757434 0.0010089037433155081
0 0.001073868544600939 0.0007248636363636363 0.0009801971830985916 0.0011810374331550802
0 0.001062537558685446 0.0010129505347593582 0.0001251095461658841 0.000308409090909091
0 0.0005428834115805947 0.00029691711229946525 6.54162754303599e-05 0.0001912620320855615
0 0.0005322535211267606 0.002058909090909091 0.00018153051643192487 0.0005259679144385027
0 0.0006998834115805948 0.0021569304812834224 0.0002453129890453835 0.0004924973262032085
0 0.0011328615023474178 0.001856889037433155 0.00017580751173708925 0.0004566336898395721
0 0.001224035993740219 0.00144328743315508 0.00019952112676056337 0.00039925935828877
0 0.001484358372456964 0.001511423796791444 0.00015921752738654155 0.0004064304812834226
0 0.001478634585289515 0.0017600641711229944 0.00017066510172143978 0.0005546577540106952
0 0.001472092331768388 0.0021378034759358287 0.00018374960876369321 0.0006407245989304813
0 0.0013368794992175274 0.00234101871657754 0.0002207824726134585 0.0005881283422459891
0 0.0011120093896713615 0.00242827807486631 0.00021914553990610327 0.00048531550802139036
0 2.2858372456964007e-05 0.0020051163101604277 4.5716744913928014e-05 0.000308409090909091
