0 0.0007633656250000001 0.0006894718750000001 0.00010180625000000008 0.00011739791666666663
0 0.00011100546875 0.00010416666666666667 7.19953125e-05 6.095000000000001e-05
0 0.00032127812499999997 3.1028125e-05 4.456874999999999e-05 6.094791666666666e-05
0 0.00027442421875 0.00016206770833333335 6.74234375e-05 6.704374999999999e-05
0 0.0005218375 4.93125e-05 4.1140624999999945e-05 4.875833333333334e-05
0 0.0007423953125 4.321770833333333e-05 3.656875000000006e-05 8.126458333333334e-05
0 0.00080410546875 6.556666666666667e-05 4.3426562499999935e-05 9.345416666666665e-05
0 0.00037613203125000003 0.0002829489583333333 6.056718749999999e-05 8.532708333333332e-05
0 0.00014357578125000003 0.0004038302083333334 7.31390625e-05 7.110624999999998e-05
0 0.00032299296875 0.0005003322916666667 6.399531249999998e-05 8.126458333333331e-05
0 0.0005675492187500001 0.00026161666666666664 5.713906250000003e-05 0.00010361249999999998
0 0.0006041179687500001 0.00015191041666666666 6.17109375e-05 5.891666666666665e-05
0 0.00074353828125 0.00023418958333333331 7.313906250000007e-05 9.345416666666662e-05
0 0.0009126703125 0.000184415625 0.00011199375000000012 7.923125000000002e-05
0 0.00104523359375 0.0001183875 7.085156249999995e-05 7.31375e-05
0 0.00118065390625 7.673958333333334e-05 6.971093749999994e-05 7.923333333333333e-05
0 0.0013217875 0.0001986375 4.1140624999999945e-05 7.517083333333334e-05
0 0.00143263828125 0.00012245104166666666 3.1998437499999866e-05 4.876041666666667e-05
0 0.001530221875 0.00044751041666666664 6.260312500000007e-05 8.126666666666665e-05
0 0.0015200609375 0.0005409645833333332 5.828125e-05 8.939166666666667e-05
0 0.0012983609375 0.0004292260416666667 6.970937499999989e-05 0.00010158124999999999
0 0.0011052296875 0.00020676354166666665 4.6853124999999934e-05 9.548541666666666e-05
0 0.0008995281250000001 0.0002768541666666667 6.742499999999994e-05 9.345416666666669e-05
0 0.00066582890625 0.00036929375 8.227968749999993e-05 9.954999999999998e-05
0 0.00133264375 0.00051556875 5.599687500000006e-05 0.00010361250000000006
0 0.00148234921875 0.0007492052083333333 4.2282812500000005e-05 9.548541666666669e-05
0 0.0013395015625 0.0007217791666666668 4.456874999999999e-05 8.532916666666666e-05
0 0.0013886406250000001 0.0010559802083333334 9.71375e-05 0.00013611874999999994
0 0.00122122265625 0.0008396125 0.00011884843749999998 0.00011377083333333332
0 0.001148084375 0.0010092541666666668 8.228125000000007e-05 0.0001483083333333334
0 0.0008446749999999999 0.0008964979166666667 9.71375e-05 0.00018284583333333336
0 0.0006755421875 0.0008152333333333333 4.456874999999999e-05 0.0001056458333333334
0 0.00051555234375 0.0008081229166666666 7.656718750000002e-05 0.00015237083333333342
0 0.0005532640625 0.00051556875 4.456874999999999e-05 7.92333333333333e-05
0 0.0002789953125 0.0007085739583333334 0.00011542187499999999 0.00011580208333333333
0 0.00031042265625 0.0010366802083333333 9.827968749999998e-05 0.00014627708333333326
0 0.0001607171875 0.0012286677083333333 9.599375000000001e-05 0.00020925625000000012
0 8.3215625e-05 0.0016888291666666666 0.00016643125 0.00013815000000000008
0 0.000369846875 0.001456209375 9.599374999999999e-05 0.0002498895833333334
0 0.0005275515625 0.00123273125 5.2568750000000014e-05 0.0001970666666666667
0 0.0006961125 0.0011230239583333334 9.71375e-05 0.00017675208333333333
0 0.0008761015625 0.0013099322916666665 9.370937499999996e-05 0.0001117395833333333
0 0.00110580078125 0.0013525968750000002 8.685156249999999e-05 0.0001930020833333335
0 0.0009206703125 0.0011189604166666667 0.00015999062500000015 0.00014018333333333313
0 0.00068525546875 0.00166445 0.00012799218749999993 0.0001422125000000001
0 0.00097666640625 0.0018869125 0.00010285156250000004 0.00023769999999999995
0 0.0013760703125 0.00152833125 0.00015884687500000006 0.0006419916666666668
0 0.0009789515625 6.371875e-06 3.656874999999997e-05 1.274375e-05
0 0.0009001 0.0005013489583333334 0.00032226562500000007 0.0002945854166666667
0 0.0009423828125000001 0.00035507083333333336 6.399687500000008e-05 7.923333333333335e-05
0 0.00117893984375 0.0005876927083333333 8.227968750000002e-05 8.126458333333324e-05
